0.999999881 0.000000002 0.000000000 0.000000007 0.000000002 1.000000000 -0.000000000 0.000000000 0.000000000 -0.000000000 1.000000000 0.000000004
0.999994516 0.001110166 0.003104516 0.023654761 -0.001090369 0.999979138 -0.006370361 0.014847426 -0.003111522 0.006366943 0.999974906 0.045592301
0.999981761 0.001389037 0.005884126 0.036665544 -0.001341706 0.999966741 -0.008039796 0.027969539 -0.005895099 0.008031755 0.999950409 0.092383370
0.999970376 0.001723403 0.007503590 0.052572578 -0.001654359 0.999956310 -0.009197667 0.042049095 -0.007519115 0.009184983 0.999929607 0.141998157
0.999991775 0.001793097 0.003626894 0.069928139 -0.001749198 0.999925613 -0.012070612 0.059825771 -0.003648268 0.012064167 0.999920607 0.196781501
0.999991715 0.003964869 -0.000886401 0.084570423 -0.003980458 0.999823928 -0.018337768 0.080860764 0.000813540 0.018341145 0.999831438 0.247578427
0.999982834 0.005449460 0.002153488 0.101538651 -0.005404148 0.999774933 -0.020514272 0.098274618 -0.002264795 0.020502284 0.999787211 0.310919017
0.999918222 0.006476408 0.011025567 0.117325805 -0.006288357 0.999835670 -0.017005859 0.110523738 -0.011133889 0.016935134 0.999794722 0.373052120
0.999856770 0.006244782 0.015727151 0.137337685 -0.005981961 0.999842584 -0.016703233 0.126202956 -0.015828982 0.016606763 0.999736845 0.437828630
0.999876142 0.007340496 0.013919478 0.151408166 -0.007017589 0.999708474 -0.023106763 0.142103523 -0.014085030 0.023006219 0.999636054 0.482663244
0.999923766 0.005898643 0.010840462 0.168129787 -0.005636911 0.999695659 -0.024018029 0.158719361 -0.010978834 0.023955092 0.999652743 0.535742223
0.999986827 0.005117911 -0.000194058 0.181554630 -0.005121065 0.999707580 -0.023630606 0.175688162 0.000073062 0.023631286 0.999720752 0.575136960
0.999967039 0.000383040 -0.008103309 0.197541445 -0.000546900 0.999795139 -0.020229213 0.192221686 0.008093903 0.020232975 0.999762535 0.632739127
0.999898553 -0.002580083 -0.014006909 0.205525950 0.002281736 0.999771059 -0.021274395 0.203246891 0.014058590 0.021240275 0.999675512 0.668933809
0.999829829 -0.003882963 -0.018038105 0.218259320 0.003361462 0.999577940 -0.028852023 0.217585787 0.018142523 0.028786475 0.999420822 0.712557495
0.999790668 -0.004040666 -0.020055503 0.230884582 0.003343176 0.999392450 -0.034690544 0.238220528 0.020183494 0.034616232 0.999196887 0.766411602
0.999796748 -0.003071775 -0.019925149 0.243094862 0.002308712 0.999267101 -0.038207069 0.252096415 0.020027913 0.038153298 0.999071181 0.812808037
0.999887824 -0.000079803 -0.014974116 0.261127621 -0.000449649 0.999374866 -0.035351172 0.269261777 0.014967578 0.035353944 0.999262691 0.876873910
0.999971330 0.002515679 -0.007123205 0.279498518 -0.002730901 0.999535024 -0.030367684 0.285467088 0.007043499 0.030386273 0.999513447 0.945881307
0.999993443 0.003450828 -0.001057589 0.293106467 -0.003485797 0.999378681 -0.035072491 0.300458640 0.000935907 0.035075948 0.999384224 0.999342382
0.999995470 0.002970283 -0.000429808 0.312354863 -0.002983328 0.999401808 -0.034454562 0.315119296 0.000327214 0.034455687 0.999406219 1.059079409
0.999996841 0.002360835 0.000739435 0.328475028 -0.002332464 0.999339521 -0.036266923 0.333055496 -0.000824567 0.036265098 0.999341846 1.114571095
0.999994338 -0.000071115 -0.003356633 0.346227288 -0.000044008 0.999412119 -0.034284804 0.349421620 0.003357097 0.034284756 0.999406397 1.169257164
0.999798894 -0.001167177 -0.020020794 0.371573031 0.000548583 0.999523163 -0.030875411 0.364443928 0.020047288 0.030858219 0.999322712 1.192689896
0.999487460 -0.003028917 -0.031864803 0.382622957 0.002054962 0.999531090 -0.030553743 0.378928423 0.031942401 0.030472601 0.999025047 1.234213352
0.999301016 -0.002711675 -0.037283704 0.394614160 0.001344538 0.999327600 -0.036644824 0.391273350 0.037358001 0.036569081 0.998632610 1.277066469
0.999460161 -0.003847796 -0.032628793 0.398262888 0.002661441 0.999336481 -0.036324985 0.398165226 0.032746915 0.036218524 0.998807192 1.327356100
0.999737501 -0.003027425 -0.022707891 0.413224995 0.002159287 0.999269366 -0.038158320 0.413309127 0.022806823 0.038099274 0.999013722 1.397723675
0.999890149 -0.000950971 -0.014791310 0.430531561 0.000368988 0.999227464 -0.039299335 0.430651844 0.014817256 0.039289560 0.999118030 1.464872479
0.999830663 0.000314339 -0.018396890 0.449229598 -0.000930029 0.999439299 -0.033468138 0.448353648 0.018376060 0.033479575 0.999270499 1.528135300
0.999790430 0.000846790 -0.020457586 0.464123517 -0.001654094 0.999219120 -0.039477788 0.470229715 0.020408191 0.039503343 0.999010980 1.588605881
0.999820888 0.001862796 -0.018826393 0.484875560 -0.002658078 0.999101162 -0.042306680 0.493247241 0.018730670 0.042349160 0.998927295 1.654816628
0.999860287 0.001836846 -0.016601529 0.503266096 -0.002517217 0.999153733 -0.041054949 0.511418819 0.016512070 0.041091014 0.999019027 1.717919827
0.999833167 -0.002689970 -0.018063288 0.509605587 0.002018372 0.999309719 -0.037096143 0.517726481 0.018150602 0.037053492 0.999148428 1.764294744
0.999729693 -0.004658724 -0.022776192 0.519781530 0.003798984 0.999283850 -0.037645921 0.535944760 0.022935254 0.037549216 0.999031603 1.814496279
0.999619067 -0.004431131 -0.027238749 0.528084815 0.003316023 0.999159813 -0.040847983 0.554099977 0.027396863 0.040742103 0.998794019 1.864241123
0.999562621 -0.003910695 -0.029312911 0.540256739 0.002713219 0.999164462 -0.040780514 0.563999176 0.029447898 0.040683143 0.998738110 1.902235031
0.999664783 -0.002445849 -0.025774579 0.551185608 0.001410082 0.999193549 -0.040127430 0.576737940 0.025851944 0.040077630 0.998862028 1.962388992
0.999839842 -0.004456014 -0.017329868 0.571749866 0.003889338 0.999461055 -0.032596778 0.587771773 0.017465780 0.032524161 0.999318242 2.031879902
0.999948621 -0.002799624 -0.009741334 0.590768337 0.002467001 0.999418974 -0.033991542 0.610997319 0.009830841 0.033965755 0.999374807 2.091548681
0.999940872 0.000068049 -0.010874402 0.607175231 -0.000532983 0.999085367 -0.042757969 0.624967039 0.010861548 0.042761236 0.999026299 2.129841805
0.999864399 0.001647789 -0.016386241 0.627516568 -0.002363681 0.999039054 -0.043765850 0.640767217 0.016298378 0.043798648 0.998907387 2.176662922
0.999775231 -0.000069607 -0.021200482 0.637281716 -0.000714351 0.999316156 -0.036968511 0.652440369 0.021188563 0.036975347 0.999091566 2.224724054
0.999597788 -0.002621811 -0.028236784 0.654096782 0.001704374 0.999471426 -0.032466065 0.667703867 0.028306985 0.032404885 0.999073923 2.271880150
0.999472260 -0.005738778 -0.031972174 0.673663437 0.004882880 0.999629319 -0.026784170 0.682903886 0.032114040 0.026613921 0.999129832 2.323823214
0.999447882 -0.004977071 -0.032849789 0.686161339 0.003814407 0.999367297 -0.035361625 0.700119793 0.033005003 0.035216805 0.998834491 2.363559484
0.999398232 -0.000970748 -0.034672085 0.700678706 -0.000552506 0.999035895 -0.043896582 0.717627704 0.034681272 0.043889329 0.998434305 2.409485579
0.999455452 -0.001919006 -0.032940470 0.706091106 0.000589638 0.999186695 -0.040319093 0.719412684 0.032991052 0.040277712 0.998643756 2.443723202
0.999665558 -0.002746765 -0.025710797 0.710771620 0.001915812 0.999476790 -0.032288242 0.730468452 0.025786042 0.032228194 0.999147832 2.488639116
0.999668837 -0.003473464 -0.025497124 0.727572501 0.002737253 0.999579906 -0.028852675 0.744106889 0.025586626 0.028773328 0.999258459 2.539727688
0.999633908 -0.004388144 -0.026695173 0.747997046 0.003657504 0.999619007 -0.027357316 0.757702708 0.026805047 0.027249662 0.999269247 2.599908590
0.999744356 -0.004396980 -0.022173584 0.757734001 0.003743499 0.999559999 -0.029427070 0.777130961 0.022293216 0.029336544 0.999320924 2.660052061
0.999778509 -0.005242541 -0.020382209 0.772879839 0.004594633 0.999486685 -0.031705882 0.796654522 0.020537967 0.031605214 0.999289393 2.724782944
0.999500453 -0.007762214 -0.030634765 0.791904092 0.006848522 0.999531984 -0.029818449 0.811800063 0.030851880 0.029593764 0.999085784 2.774598360
0.998956859 -0.010940366 -0.044331264 0.807256579 0.010000565 0.999721706 -0.021366188 0.823394597 0.044552691 0.020900568 0.998788357 2.816203833
0.998737812 -0.011798548 -0.048822507 0.821381390 0.011083673 0.999827743 -0.014887282 0.837987602 0.048989750 0.014327356 0.998696506 2.873414516
0.998947680 -0.009166380 -0.044938620 0.833557606 0.008213446 0.999738455 -0.021344239 0.854374826 0.045122519 0.020952683 0.998761654 2.926949263
0.999159455 -0.009698247 -0.039827533 0.843268156 0.008752609 0.999677241 -0.023849474 0.867051184 0.040045984 0.023480836 0.998921931 2.970090389
0.999459505 -0.006393230 -0.032245480 0.854637980 0.005514984 0.999613345 -0.027252022 0.882779002 0.032407239 0.027059464 0.999108374 3.018850565
0.999738157 -0.003639876 -0.022589331 0.868032515 0.003011399 0.999609172 -0.027793884 0.898885131 0.022681667 0.027718581 0.999358356 3.072179794
0.999887168 -0.000883771 -0.014998117 0.883605957 0.000578571 0.999792933 -0.020341489 0.912348747 0.015012993 0.020330517 0.999680579 3.124726057
0.999815166 -0.000809292 -0.019200766 0.900657058 0.000382771 0.999753296 -0.022207124 0.927591801 0.019213999 0.022195680 0.999568999 3.168083668
0.999626160 -0.000341618 -0.027334470 0.922033966 -0.000454450 0.999576092 -0.029111760 0.943531632 0.027332829 0.029113308 0.999202311 3.210475683
0.999678373 -0.002709707 -0.025209928 0.925281942 0.002048710 0.999654353 -0.026208725 0.955710649 0.025272239 0.026148653 0.999338567 3.261302233
0.999607146 -0.005313012 -0.027517866 0.936280012 0.004619616 0.999671698 -0.025200643 0.965961635 0.027642727 0.025063621 0.999303699 3.314770699
0.999076426 -0.009417097 -0.041924622 0.948137879 0.008343684 0.999634802 -0.025705216 0.974474072 0.042151380 0.025331669 0.998790085 3.341428280
0.998532057 -0.013691477 -0.052404568 0.956218600 0.012601423 0.999698520 -0.021075012 0.981605768 0.052677307 0.020383704 0.998403549 3.367395878
0.998530447 -0.011123701 -0.053038828 0.962681472 0.009915384 0.999686420 -0.022990759 0.994165421 0.053277936 0.022431072 0.998327732 3.403051853
0.998916566 -0.006020079 -0.046144415 0.971821725 0.004596042 0.999511778 -0.030904697 1.006184816 0.046307933 0.030659130 0.998456597 3.441035748
0.999218702 -0.002056920 -0.039468478 0.987636447 0.000850703 0.999532759 -0.030554103 1.013120174 0.039512884 0.030496655 0.998753607 3.483432531
0.999624252 -0.004073077 -0.027104361 1.001898766 0.003552257 0.999808609 -0.019235922 1.016582012 0.027177524 0.019132411 0.999447465 3.519129038
0.999762177 -0.002766306 -0.021629190 1.021468997 0.002474638 0.999905825 -0.013500029 1.026473403 0.021664500 0.013443294 0.999674916 3.578203440
0.999683380 -0.000462821 -0.025154684 1.046198249 0.000048770 0.999864578 -0.016458336 1.034988284 0.025158897 0.016451901 0.999548137 3.619285583
0.999636710 -0.003085990 -0.026779613 1.051651001 0.002487383 0.999746919 -0.022357682 1.055962443 0.026841829 0.022282952 0.999391317 3.664093733
0.999521732 -0.002780809 -0.030802207 1.060596108 0.002135241 0.999777734 -0.020971606 1.072673321 0.030853683 0.020895809 0.999305487 3.717443943
0.999386311 -0.004960453 -0.034674361 1.072174549 0.004375463 0.999847174 -0.016926585 1.087111473 0.034753025 0.016764479 0.999255359 3.765292168
0.999154687 -0.006486346 -0.040591661 1.082280040 0.005940211 0.999890387 -0.013560621 1.103642702 0.040675171 0.013308038 0.999083817 3.810888052
0.999124467 -0.008734463 -0.040913906 1.093971014 0.008271983 0.999900103 -0.011459453 1.109965563 0.041009918 0.011110980 0.999096990 3.849607944
0.999056578 -0.009807176 -0.042304922 1.105168939 0.009044147 0.999793649 -0.018190300 1.123548865 0.042474587 0.017790528 0.998939157 3.895141602
0.998834252 -0.005583490 -0.047945306 1.119104385 0.004213379 0.999581277 -0.028630251 1.121585369 0.048085082 0.028394867 0.998439550 3.899546146
0.999053776 -0.002744675 -0.043404553 1.130123138 0.001556245 0.999623477 -0.027390469 1.123800635 0.043463401 0.027297009 0.998682022 3.921387672
0.999343812 0.001586230 -0.036185462 1.146155953 -0.002386598 0.999753177 -0.022086063 1.124347806 0.036141500 0.022157932 0.999100983 3.940085649
0.999522328 0.002085776 -0.030833419 1.162917852 -0.002541308 0.999888062 -0.014742289 1.134064078 0.030799223 0.014813601 0.999415874 3.982036591
0.999481261 0.004552839 -0.031878840 1.189358115 -0.004828558 0.999951601 -0.008577268 1.114769459 0.031838253 0.008726752 0.999454916 3.992584944
0.999620557 0.003821553 -0.027277561 1.192406178 -0.004269063 0.999856889 -0.016366614 1.152726889 0.027211122 0.016476853 0.999493897 4.068365574
0.999710858 0.003476516 -0.023795083 1.202847481 -0.003975156 0.999772847 -0.020940473 1.177788615 0.023716886 0.021029007 0.999497592 4.131274223
0.999783635 0.004371269 -0.020334376 1.218592167 -0.004756944 0.999808967 -0.018957132 1.192750812 0.020247638 0.019049762 0.999613583 4.192599297
0.999704301 0.001151204 -0.024289425 1.224668384 -0.001559129 0.999857962 -0.016782140 1.207168818 0.024266656 0.016815050 0.999564111 4.227559090
0.999472439 -0.001819782 -0.032426979 1.236652613 0.001354051 0.999895751 -0.014378697 1.221746325 0.032449767 0.014327208 0.999370635 4.278612614
0.999066770 -0.003432315 -0.043055136 1.244416237 0.002792569 0.999884963 -0.014910101 1.227514029 0.043101359 0.014775952 0.998961449 4.293434143
0.998958290 -0.002200830 -0.045578152 1.254741788 0.001246589 0.999779701 -0.020954197 1.238617063 0.045614228 0.020875553 0.998741031 4.339738369
0.999115705 0.002198129 -0.041987650 1.271659136 -0.003053725 0.999788702 -0.020324096 1.249117374 0.041934110 0.020434346 0.998911381 4.383414745
0.999474525 0.005855965 -0.031878408 1.287518978 -0.006614624 0.999696076 -0.023745300 1.265812039 0.031729672 0.023943689 0.999209642 4.456387043
0.999774337 0.005661256 -0.020474201 1.299362063 -0.006107873 0.999743283 -0.021817271 1.282965660 0.020345431 0.021937402 0.999552310 4.501472473
0.999815583 0.009465294 -0.016709656 1.336560726 -0.009769059 0.999786794 -0.018192060 1.304807186 0.016533900 0.018351946 0.999694884 4.558587551
0.999900579 0.002913351 -0.013791868 1.321441293 -0.003108885 0.999894679 -0.014177386 1.320114493 0.013749111 0.014218854 0.999804318 4.625625610
0.999797106 0.004057934 -0.019731639 1.333475947 -0.004400914 0.999839425 -0.017370056 1.330544233 0.019657984 0.017453369 0.999654412 4.673948288
0.999754727 0.006181944 -0.021264788 1.354683399 -0.006631558 0.999754608 -0.021138351 1.348678112 0.021128887 0.021274189 0.999550402 4.726591110
0.999796867 0.004787411 -0.019577179 1.368005514 -0.005189148 0.999775946 -0.020521510 1.367136836 0.019474547 0.020618930 0.999597669 4.780798912
0.999521375 0.000829222 -0.030924341 1.377390862 -0.001450009 0.999797881 -0.020057390 1.366862297 0.030901453 0.020092633 0.999320447 4.790590286
0.999229610 -0.002918656 -0.039137859 1.388327241 0.002029526 0.999739408 -0.022738434 1.390780330 0.039194025 0.022641487 0.998975039 4.854971886
0.998984575 -0.002437043 -0.044987425 1.397906303 0.001419042 0.999742508 -0.022646626 1.387716651 0.045031033 0.022559792 0.998730838 4.870670795
0.998867631 -0.002051358 -0.047530331 1.408190250 0.000603792 0.999536157 -0.030449960 1.403924465 0.047570743 0.030386783 0.998405576 4.930311680
0.998572230 -0.002303769 -0.053368933 1.423505783 0.000820625 0.999613285 -0.027795646 1.420417547 0.053412341 0.027712164 0.998187840 4.974649429
0.998883605 -0.000419129 -0.047236245 1.436969161 -0.000453461 0.999829531 -0.018460644 1.434592724 0.047235928 0.018461460 0.998713136 5.032891750
0.999357879 -0.000230892 -0.035828084 1.458485365 -0.000306242 0.999887645 -0.014985750 1.458065152 0.035827521 0.014987100 0.999245524 5.109657764
0.999457717 -0.000599471 -0.032922287 1.466248155 0.000147485 0.999905646 -0.013729630 1.463515043 0.032927413 0.013717329 0.999363542 5.134480000
0.999292076 -0.001386197 -0.037593581 1.485352755 0.000605861 0.999784231 -0.020760605 1.486699581 0.037614256 0.020723134 0.999077380 5.209484100
0.998964369 -0.001797702 -0.045464352 1.490133286 0.000566940 0.999633372 -0.027069416 1.489637971 0.045496345 0.027015604 0.998599112 5.231088638
0.998556554 -0.002040406 -0.053669930 1.505862117 0.000820690 0.999741077 -0.022738496 1.500798583 0.053702429 0.022661630 0.998299778 5.278684139
0.998077214 -0.004556748 -0.061814826 1.517453313 0.003497339 0.999845266 -0.017235847 1.512445331 0.061883800 0.016986519 0.997938812 5.328645706
0.997656941 -0.009656505 -0.067729771 1.521661043 0.008927193 0.999898970 -0.011062405 1.526769638 0.067829750 0.010431848 0.997642398 5.357468128
0.997620225 -0.006559051 -0.068634585 1.535013676 0.005134637 0.999768138 -0.020909486 1.556562781 0.068755835 0.020507313 0.997422755 5.413571835
0.997987628 -0.004259042 -0.063265160 1.542741776 0.002728955 0.999702156 -0.024252072 1.553313851 0.063349620 0.024030620 0.997702122 5.445048332
0.998358071 -0.002066269 -0.057244349 1.559441209 0.000524530 0.999637127 -0.026934534 1.569233060 0.057279244 0.026860278 0.997996807 5.501143932
0.998809695 0.001006120 -0.048766032 1.575988770 -0.002062617 0.999764085 -0.021619190 1.585205913 0.048732776 0.021694044 0.998576164 5.577847958
0.999156535 0.001986872 -0.041016705 1.588093281 -0.002588053 0.999889970 -0.014609124 1.606803298 0.040983167 0.014702953 0.999051690 5.655317783
0.999307871 0.001931339 -0.037149899 1.604619026 -0.002391471 0.999920964 -0.012345382 1.620989323 0.037123121 0.012425680 0.999233544 5.702245235
0.999496639 0.002696944 -0.031607933 1.612665892 -0.003367933 0.999769688 -0.021194464 1.636830807 0.031543493 0.021290245 0.999275565 5.744372845
0.999634683 0.006380430 -0.026259392 1.639834523 -0.007135840 0.999560535 -0.028774766 1.659740925 0.026064247 0.028951641 0.999240935 5.815659046
0.999697030 0.003490633 -0.024364904 1.644815445 -0.004152402 0.999622464 -0.027163208 1.671748877 0.024260888 0.027256150 0.999334097 5.862714291
0.999600589 -0.000820201 -0.028246263 1.659754038 0.000186160 0.999748111 -0.022442313 1.690529346 0.028257554 0.022428090 0.999349058 5.923274040
0.999344587 -0.000310208 -0.036196273 1.673159480 -0.000444391 0.999782741 -0.020837521 1.702233791 0.036194876 0.020839950 0.999127448 5.972402096
0.999126375 -0.000762628 -0.041782480 1.682057381 -0.000299103 0.999677300 -0.025398759 1.706468344 0.041788388 0.025389070 0.998803854 5.991595268
0.999113202 0.002824516 -0.042008597 1.700656891 -0.004234974 0.999428928 -0.033524469 1.721098185 0.041889921 0.033672646 0.998554647 6.051280022
0.999258399 0.002530990 -0.038420677 1.714549065 -0.003878705 0.999378085 -0.035043985 1.734293222 0.038308110 0.035167016 0.998646975 6.095251560
0.999627471 0.003525392 -0.027062990 1.726813078 -0.004433469 0.999426544 -0.033567946 1.757733464 0.026929146 0.033675432 0.999069989 6.184087276
0.999870598 0.005168499 -0.015229595 1.742305756 -0.005627085 0.999527276 -0.030223925 1.777123690 0.015066184 0.030305712 0.999427080 6.255403519
0.999891341 0.006802140 -0.013067948 1.760727286 -0.007166517 0.999580979 -0.028041977 1.796252489 0.012871737 0.028132586 0.999521255 6.325132370
0.999863207 0.007371127 -0.014803821 1.774793744 -0.007806884 0.999531448 -0.029596474 1.808005810 0.014578725 0.029707998 0.999452233 6.371086597
0.999841511 0.009595882 -0.014993749 1.789133430 -0.010181853 0.999167442 -0.039506301 1.823530316 0.014602173 0.039652705 0.999106824 6.417001724
0.999787867 0.005555697 -0.019831525 1.814014792 -0.006242319 0.999377131 -0.034730613 1.835488677 0.019626226 0.034847040 0.999199927 6.475113392
0.999639511 0.000515212 -0.026842244 1.831501842 -0.001160102 0.999710917 -0.024015203 1.838424563 0.026822109 0.024037685 0.999351144 6.514074326
0.999288201 -0.003661664 -0.037542678 1.841227293 0.002547236 0.999555945 -0.029689310 1.862344384 0.037634719 0.029572552 0.998853862 6.559834957
0.998981237 -0.001295131 -0.045107331 1.864077449 -0.000055109 0.999552369 -0.029919812 1.862738729 0.045125887 0.029891821 0.998534024 6.598613739
0.999030352 -0.000577483 -0.044021219 1.865869522 -0.001011280 0.999349177 -0.036060072 1.892975807 0.044013388 0.036069632 0.998379529 6.672994137
0.999278188 -0.001098399 -0.037968952 1.875952363 -0.000264459 0.999356508 -0.035870411 1.927202940 0.037983917 0.035854571 0.998634875 6.753497601
0.999565065 -0.002823520 -0.029348733 1.889540911 0.001859182 0.999459147 -0.032833446 1.955303192 0.029425565 0.032764610 0.999029815 6.836147785
0.999371946 -0.005453621 -0.035012670 1.916478753 0.004676704 0.999741852 -0.022233278 1.952163577 0.035124891 0.022055570 0.999139547 6.864949703
0.999050498 -0.004996584 -0.043276690 1.959712982 0.003946398 0.999696434 -0.024318326 1.980212927 0.043385066 0.024124453 0.998767138 6.949952126
0.998864412 -0.005330359 -0.047345348 1.950528264 0.003872529 0.999517143 -0.030829947 1.987084508 0.047486834 0.030611593 0.998402774 6.973033428
0.998659968 -0.007092868 -0.051263433 1.961215734 0.005784174 0.999654591 -0.025632245 2.004791021 0.051427543 0.025301378 0.998356164 7.038416386
0.998067617 -0.010689951 -0.061210640 1.978789330 0.009546028 0.999774814 -0.018950354 2.017045975 0.061399430 0.018329417 0.997944891 7.086030960
0.997299790 -0.014239858 -0.072045028 2.000027418 0.013049190 0.999770761 -0.016970539 2.035609245 0.072270185 0.015984587 0.997256994 7.144062996
0.996903539 -0.013845907 -0.077405021 2.006072044 0.012020651 0.999639690 -0.023997005 2.049503565 0.077709392 0.022992237 0.996710896 7.191555023
0.996921718 -0.013096967 -0.077301279 2.022218943 0.010481845 0.999361992 -0.034139577 2.073019743 0.077699095 0.033224225 0.996423066 7.260862350
0.997244298 -0.010562717 -0.073431231 2.033830404 0.008513290 0.999566972 -0.028166691 2.087169170 0.073696963 0.027463930 0.996902466 7.321978092
0.997783542 -0.009852737 -0.065809235 2.057927608 0.008513412 0.999751449 -0.020601176 2.110600233 0.065995879 0.019995252 0.997619510 7.413120270
0.998249173 -0.010390412 -0.058226541 2.065132380 0.009481723 0.999829292 -0.015860721 2.128378630 0.058381412 0.015280866 0.998177350 7.485156536
0.998659194 -0.007685441 -0.051191706 2.081162930 0.006545293 0.999727666 -0.022402631 2.147419930 0.051349945 0.022037530 0.998437524 7.549478054
0.998987138 -0.005751566 -0.044625968 2.087961197 0.004253795 0.999426901 -0.033585418 2.158412218 0.044793569 0.033361580 0.998439074 7.593757153
0.999067366 -0.005326956 -0.042847604 2.102544785 0.004049228 0.999546111 -0.029852048 2.181173086 0.042987190 0.029650703 0.998635530 7.675773144
0.998376548 -0.010447069 -0.055990659 2.117348671 0.009074868 0.999653578 -0.024706159 2.192699432 0.056229383 0.024157949 0.998125672 7.716215611
0.997526646 -0.014221074 -0.068835221 2.130358696 0.012978187 0.999745190 -0.018469660 2.203230858 0.069080353 0.017530624 0.997457087 7.762681007
0.997418046 -0.015483439 -0.070123598 2.146243811 0.013954915 0.999655426 -0.022235259 2.218978405 0.070443720 0.021199284 0.997290492 7.818934441
0.997672021 -0.012878981 -0.066966787 2.150205851 0.010704277 0.999406755 -0.032732427 2.247735023 0.067348629 0.031939398 0.997218251 7.883107662
0.998103559 -0.010905099 -0.060583532 2.160571575 0.008930851 0.999423265 -0.032762945 2.257095337 0.060905881 0.032159753 0.997625411 7.944066048
0.998799264 -0.007853645 -0.048356134 2.176912308 0.006746621 0.999712408 -0.023013959 2.274486542 0.048522979 0.022660078 0.998565137 8.028233528
0.999443114 -0.006704326 -0.032686893 2.212175608 0.006357292 0.999922454 -0.010709343 2.295610905 0.032756157 0.010495581 0.999408245 8.136163712
0.999630034 -0.008432326 -0.025859624 2.245262623 0.008068866 0.999867737 -0.014127351 2.323689461 0.025975343 0.013913468 0.999565780 8.219038010
0.999718964 -0.003887474 -0.023384644 2.249976635 0.003089844 0.999415398 -0.034049161 2.353009224 0.023503343 0.033967342 0.999146581 8.262654305
0.999457300 -0.005728723 -0.032436930 2.262860298 0.004559881 0.999341667 -0.035994336 2.365375042 0.032621779 0.035826899 0.998825490 8.316645622
0.998796880 -0.006814333 -0.048563376 2.267328501 0.005672202 0.999705017 -0.023617476 2.362665653 0.048709996 0.023313597 0.998540878 8.359010696
0.998336315 -0.011700138 -0.056457207 2.281075716 0.010713229 0.999785006 -0.017751807 2.378735781 0.056652762 0.017117441 0.998247206 8.404376984
0.998518050 -0.010137464 -0.053468131 2.291343212 0.008990186 0.999725103 -0.021654282 2.404161692 0.053672958 0.021141503 0.998334765 8.470461845
0.998861074 -0.008578800 -0.046933573 2.305048704 0.006939401 0.999363840 -0.034982294 2.421751976 0.047203816 0.034616768 0.998285294 8.538546562
0.999293506 -0.005167626 -0.037224215 2.326545715 0.003757405 0.999276102 -0.037855398 2.438595295 0.037392899 0.037688795 0.998589575 8.616463661
0.999692738 -0.002196593 -0.024683289 2.347472668 0.001380446 0.999453306 -0.033033330 2.460813522 0.024742354 0.032989118 0.999149382 8.705451965
0.999777853 -0.001241246 -0.021035776 2.373459101 0.000740884 0.999716997 -0.023777386 2.479804039 0.021059344 0.023756534 0.999495864 8.782271385
0.999809563 -0.003787111 -0.019144038 2.391995430 0.003396756 0.999786496 -0.020382088 2.502399683 0.019217141 0.020313187 0.999608874 8.851878166
0.999910235 -0.001055068 -0.013349954 2.405172586 0.000632148 0.999498963 -0.031644218 2.521749020 0.013376657 0.031632937 0.999410033 8.908973694
0.999934912 -0.001886857 -0.011248028 2.427890301 0.001526123 0.999486923 -0.031993732 2.535993099 0.011302633 0.031974491 0.999424756 8.979524612
0.999790609 -0.003487979 -0.020159006 2.443911791 0.002996828 0.999699175 -0.024342941 2.555345297 0.020237852 0.024277432 0.999500334 9.034914970
0.999188304 -0.009569702 -0.039128471 2.437705278 0.008493318 0.999583423 -0.027583307 2.571981668 0.039376140 0.027228588 0.998853385 9.055817604
0.998683572 -0.011506439 -0.049984653 2.448853016 0.010295579 0.999648869 -0.024414971 2.578783989 0.050248042 0.023868214 0.998451471 9.090628624
0.998728931 -0.012218230 -0.048898574 2.462057114 0.010558006 0.999363780 -0.034067880 2.593957424 0.049283713 0.033508308 0.998222589 9.157720566
0.999065757 -0.010891116 -0.041821100 2.492318869 0.009835759 0.999629974 -0.025358459 2.618698359 0.042081807 0.024923423 0.998803258 9.241669655
0.999283254 -0.008566516 -0.036872033 2.521120548 0.007353996 0.999431729 -0.032895468 2.647933245 0.037132882 0.032600742 0.998778462 9.327807426
0.999333918 -0.012109561 -0.034425359 2.524562120 0.011244142 0.999618590 -0.025222395 2.662563086 0.034717664 0.024818510 0.999089003 9.392360687
0.999217033 -0.012360412 -0.037581448 2.540391445 0.011500438 0.999668956 -0.023013592 2.676907301 0.037853464 0.022563376 0.999028504 9.448916435
0.999325812 -0.011904667 -0.034729924 2.549398184 0.010852738 0.999481201 -0.030321704 2.693603277 0.035072885 0.029924344 0.998936653 9.510334015
0.999258399 -0.013195189 -0.036173616 2.565987587 0.011997392 0.999379039 -0.033131875 2.712703705 0.036588334 0.032673318 0.998796165 9.573678970
0.998544097 -0.017258620 -0.051104065 2.583236694 0.015849737 0.999486446 -0.027847044 2.723656416 0.051558428 0.026996519 0.998305023 9.632795334
0.997386515 -0.022354107 -0.068705410 2.591156244 0.020765208 0.999502063 -0.023754237 2.737990618 0.069202207 0.022265473 0.997354150 9.659051895
0.996675253 -0.023226161 -0.078095794 2.605092525 0.021655738 0.999547064 -0.020896170 2.758069038 0.078545772 0.019135479 0.996726751 9.718786240
0.997092366 -0.020597598 -0.073367462 2.616502047 0.017909324 0.999150574 -0.037112582 2.773469210 0.074069604 0.035690695 0.996614158 9.764119148
0.997800648 -0.017580517 -0.063912131 2.630563498 0.015049214 0.999091387 -0.039873898 2.794266701 0.064555064 0.038824376 0.997158587 9.846425056
0.998743773 -0.011727025 -0.048717678 2.659425020 0.010556914 0.999651253 -0.024206473 2.819908857 0.048984561 0.023661755 0.998519242 9.958486557
0.999269247 -0.007831537 -0.037410818 2.684305191 0.007196260 0.999828219 -0.017085617 2.840529442 0.037538201 0.016803917 0.999153852 10.051963806
0.999496937 -0.006310678 -0.031080272 2.700104475 0.005828132 0.999861479 -0.015591845 2.863280296 0.031174365 0.015402863 0.999395251 10.129097939
0.999700904 -0.003217705 -0.024247907 2.718248129 0.002473788 0.999527216 -0.030647431 2.886950970 0.024335060 0.030578278 0.999236166 10.206964493
0.999651909 -0.005104609 -0.025884595 2.742900133 0.004314017 0.999525309 -0.030507304 2.904760838 0.026028045 0.030385021 0.999199212 10.274970055
0.999212325 -0.011726301 -0.037909508 2.752379417 0.010814812 0.999649584 -0.024160204 2.919262886 0.038179543 0.023731193 0.998989046 10.320040703
0.998842776 -0.014357318 -0.045899939 2.759790659 0.013219803 0.999600232 -0.024990793 2.939612627 0.046240397 0.024355091 0.998633444 10.380258560
0.998785257 -0.013376532 -0.047423061 2.782181501 0.012179366 0.999602139 -0.025444120 2.960051537 0.047744550 0.024835637 0.998550832 10.450284004
0.999049842 -0.011041114 -0.042158302 2.801393509 0.009679846 0.999429524 -0.032358207 2.975373745 0.042491525 0.031919383 0.998586833 10.519285202
0.999494791 -0.008181516 -0.030707695 2.825210571 0.007176514 0.999439657 -0.032696739 3.004703522 0.030957997 0.032459851 0.998993456 10.622560501
0.999773324 -0.004596978 -0.020786518 2.849858999 0.004153996 0.999764383 -0.021304347 3.021164417 0.020879557 0.021213170 0.999557018 10.708923340
0.999837875 -0.004942822 -0.017311506 2.863151789 0.004588311 0.999780178 -0.020458639 3.041893244 0.017408824 0.020375891 0.999640822 10.770604134
0.999823451 -0.003829235 -0.018391084 2.881905556 0.003363488 0.999674559 -0.025289115 3.065015078 0.018481936 0.025222795 0.999511063 10.843510628
0.999892652 -0.004647507 -0.013894083 2.902280092 0.004238905 0.999561846 -0.029294590 3.086469412 0.014024143 0.029232549 0.999474227 10.919156075
0.999883354 -0.005304282 -0.014320181 2.920866966 0.004963417 0.999705970 -0.023734765 3.106450796 0.014441869 0.023660922 0.999615729 10.991821289
0.999689639 -0.009421999 -0.023057833 2.940286636 0.008971121 0.999768078 -0.019580195 3.123923063 0.023236971 0.019367265 0.999542415 11.044825554
0.999536693 -0.010772389 -0.028466169 2.953034878 0.010272271 0.999791324 -0.017657213 3.140740871 0.028650442 0.017356619 0.999438763 11.101026535
0.999359667 -0.009529267 -0.034485791 2.967491627 0.008698303 0.999670088 -0.024166267 3.158061504 0.034704704 0.023850825 0.999113023 11.156578064
0.999402046 -0.010213221 -0.033027973 2.980699778 0.009187652 0.999475420 -0.031055648 3.172867775 0.033327833 0.030733638 0.998971820 11.204362869
0.999771357 -0.006384816 -0.020401184 3.002168894 0.005854271 0.999645829 -0.025960309 3.194278240 0.020559713 0.025834944 0.999454796 11.299638748
0.999938250 -0.005324662 -0.009746766 3.027724743 0.005141126 0.999810874 -0.018759664 3.219125271 0.009844813 0.018708400 0.999776483 11.396313667
0.999908686 -0.006989054 -0.011549851 3.050244808 0.006726114 0.999720812 -0.022649875 3.229251385 0.011704935 0.022570129 0.999676764 11.456271172
0.999832571 -0.004456052 -0.017737795 3.062634230 0.004034367 0.999710083 -0.023738470 3.251413822 0.017838435 0.023662942 0.999560833 11.515656471
0.999866068 -0.003386268 -0.016004752 3.079510450 0.002910396 0.999555647 -0.029663578 3.274297714 0.016098086 0.029613029 0.999431849 11.582648277
0.999766171 -0.008396761 -0.019924842 3.098050356 0.007982284 0.999751925 -0.020791141 3.290154934 0.020094482 0.020627230 0.999585211 11.643440247
0.999369860 -0.013284725 -0.032913454 3.113114119 0.012712688 0.999765515 -0.017528709 3.306331635 0.033138603 0.017099245 0.999304473 11.691255569
0.999130189 -0.014749451 -0.039001964 3.125120401 0.014060986 0.999741435 -0.017867858 3.325371265 0.039255425 0.017303908 0.999079347 11.753211975
0.998985291 -0.014128438 -0.042762410 3.136148453 0.012795351 0.999428332 -0.031289041 3.344912052 0.043180041 0.030710131 0.998595178 11.810895920
0.999183238 -0.012713967 -0.038355052 3.151208162 0.011235083 0.999194264 -0.038529821 3.374583721 0.038814023 0.038067423 0.998521030 11.894726753
0.999527276 -0.008716558 -0.029480021 3.174864769 0.007549290 0.999191880 -0.039477296 3.399072409 0.029800307 0.039236084 0.998785496 11.981119156
0.999621272 -0.009523184 -0.025818693 3.198351622 0.008998510 0.999752164 -0.020362088 3.407401562 0.026006205 0.020122042 0.999459267 12.051339149
0.999585509 -0.009700644 -0.027103456 3.212027788 0.009084611 0.999699652 -0.022760434 3.424867630 0.027316106 0.022504771 0.999373496 12.113823891
0.999629557 -0.006910573 -0.026325813 3.230668068 0.006071142 0.999474704 -0.031833872 3.451902628 0.026531972 0.031662248 0.999146402 12.191058159
0.999605060 -0.008809466 -0.026684044 3.250937939 0.008041210 0.999553859 -0.028762655 3.471526623 0.026925525 0.028536726 0.999230027 12.262960434
0.998905778 -0.015148267 -0.044244960 3.273992062 0.014127423 0.999628782 -0.023294866 3.482004166 0.044581413 0.022644307 0.998749077 12.312294960
0.997964621 -0.018342886 -0.061074577 3.283633947 0.016912891 0.999572515 -0.023849232 3.491705656 0.061485931 0.022767743 0.997848213 12.346077919
0.997521579 -0.019017642 -0.067740865 3.290596724 0.016858285 0.999335766 -0.032307070 3.513220310 0.068310276 0.031085007 0.997179747 12.404405594
0.997355402 -0.020851355 -0.069621414 3.298342228 0.018069422 0.999022245 -0.040351544 3.542344093 0.070394710 0.038986817 0.996757030 12.481593132
0.997757852 -0.018899919 -0.064202592 3.319882393 0.016621074 0.999219179 -0.035845276 3.561438322 0.064829931 0.034697786 0.997292936 12.567798615
0.998457372 -0.016107854 -0.053135071 3.344294071 0.014494882 0.999426484 -0.030603137 3.583861351 0.053597540 0.029785737 0.998118341 12.665748596
0.998585343 -0.014986563 -0.051015750 3.364905357 0.013296496 0.999356687 -0.033308052 3.596359491 0.051482111 0.032582603 0.998142242 12.717986107
0.998043835 -0.015588515 -0.060543582 3.388170004 0.013295112 0.999185503 -0.038100079 3.612335205 0.061088197 0.037220612 0.997438192 12.777770042
0.997262120 -0.019559601 -0.071312025 3.398442268 0.016848676 0.999119639 -0.038420364 3.630486250 0.072000727 0.037113667 0.996713877 12.833190918
0.996417582 -0.022362541 -0.081557460 3.415436745 0.019936338 0.999337673 -0.030442450 3.650862932 0.082184218 0.028707435 0.996203601 12.905752182
0.996137917 -0.024883453 -0.084201023 3.423272610 0.022521218 0.999328852 -0.028889313 3.665386677 0.084863380 0.026881438 0.996029913 12.965262413
0.996304035 -0.023528270 -0.082612552 3.435651064 0.021002138 0.999289036 -0.031315215 3.680966854 0.083290629 0.029464439 0.996089578 13.028635979
0.996669054 -0.021128617 -0.078767449 3.446601391 0.018142367 0.999096334 -0.038437121 3.701671124 0.079508409 0.036880065 0.996151686 13.095659256
0.997112155 -0.018636411 -0.073619127 3.459362745 0.016465606 0.999414802 -0.029984679 3.722834110 0.074134842 0.028685911 0.996835589 13.182330132
0.997890055 -0.018144507 -0.062340453 3.479841232 0.017114360 0.999708772 -0.017019065 3.748901844 0.062631115 0.015916239 0.997909784 13.276619911
0.998469412 -0.017167687 -0.052575797 3.505713940 0.016111095 0.999661028 -0.020454930 3.771755457 0.052909151 0.019576566 0.998407423 13.358410835
0.998728693 -0.014739271 -0.048204146 3.523272753 0.013657633 0.999649227 -0.022691643 3.801947117 0.048521698 0.022004440 0.998579741 13.451252937
0.998646855 -0.014277874 -0.050006833 3.531767368 0.012670738 0.999397635 -0.032309275 3.812006474 0.050438032 0.031631928 0.998226106 13.495739937
0.998598337 -0.012773819 -0.051363766 3.548797846 0.011215101 0.999471307 -0.030521203 3.838592052 0.051726475 0.029902369 0.998213530 13.569734573
0.998556376 -0.017058149 -0.050932318 3.578708410 0.016030641 0.999661028 -0.020514851 3.855878353 0.051264990 0.019668756 0.998491287 13.658852577
0.998404205 -0.017887218 -0.053563241 3.595955372 0.017070640 0.999731541 -0.015664080 3.872844934 0.053829055 0.014724722 0.998441517 13.726997375
0.998489916 -0.016474461 -0.052405793 3.606230736 0.015423835 0.999673128 -0.020389622 3.892979622 0.052724566 0.019550532 0.998417616 13.797797203
0.998641372 -0.014169682 -0.050144058 3.622466087 0.012659130 0.999460280 -0.030314717 3.919260979 0.050546538 0.029638758 0.998281777 13.863023758
0.998932362 -0.013408162 -0.044206120 3.638144970 0.012417561 0.999667227 -0.022607688 3.937013626 0.044494532 0.022034621 0.998766601 13.945948601
0.999388874 -0.011843385 -0.032889195 3.659764051 0.011461857 0.999865055 -0.011764885 3.963779211 0.033024095 0.011380719 0.999389768 14.053463936
0.999494076 -0.012503279 -0.029244429 3.701403856 0.012130117 0.999843121 -0.012902948 3.978906155 0.029401174 0.012541681 0.999488950 14.140789032
0.999476373 -0.009833915 -0.030828811 3.722771883 0.009106741 0.999678969 -0.023639917 3.997764587 0.031051399 0.023346789 0.999245107 14.215533257
0.999210238 -0.010875306 -0.038217634 3.718866587 0.009789133 0.999546051 -0.028493911 4.019881248 0.038510162 0.028097292 0.998863101 14.250123978
0.998700500 -0.015462051 -0.048560444 3.735724449 0.014435596 0.999666452 -0.021417789 4.033773422 0.048875414 0.020688958 0.998590589 14.304255486
0.998304784 -0.019316517 -0.054903708 3.750699282 0.018837031 0.999779940 -0.009237438 4.053737164 0.055070072 0.008187557 0.998448968 14.376342773
0.998064399 -0.020114901 -0.058844600 3.757526398 0.019626537 0.999768198 -0.008865513 4.074052811 0.059009288 0.007693441 0.998227835 14.430056572
0.998034596 -0.018665373 -0.059821349 3.767473698 0.017126622 0.999511778 -0.026132822 4.094280243 0.060279928 0.025056928 0.997866988 14.477177620
0.998264432 -0.016993959 -0.056385029 3.759301424 0.015093702 0.999309361 -0.033957891 4.132097244 0.056923170 0.033047900 0.997831583 14.552073479
0.998467624 -0.019565212 -0.051764082 3.812691450 0.018649055 0.999661863 -0.018122882 4.134922028 0.052101165 0.017129760 0.998494864 14.653651237
0.998756647 -0.017338710 -0.046739671 3.845109463 0.016514391 0.999702275 -0.017965226 4.155316830 0.047037248 0.017171014 0.998745441 14.749447823
0.998731852 -0.017351676 -0.047261044 3.851522446 0.016127978 0.999527991 -0.026151754 4.178432941 0.047692515 0.025356364 0.998540163 14.807680130
0.998455882 -0.016924862 -0.052908890 3.855580568 0.014896004 0.999147356 -0.038508173 4.207188606 0.053515524 0.037660576 0.997856557 14.866738319
0.997946382 -0.020248396 -0.060768403 3.857651711 0.017998636 0.999140382 -0.037343655 4.219892025 0.061472312 0.036173228 0.997453094 14.906041145
0.996999383 -0.026820529 -0.072613128 3.868680954 0.024708144 0.999249458 -0.029834721 4.239926815 0.073358811 0.027951065 0.996913850 14.961390495
0.996134043 -0.030738190 -0.082293853 3.861494064 0.027555699 0.998838246 -0.039532948 4.265883446 0.083413437 0.037112456 0.995823622 14.996981621
0.996067107 -0.030755246 -0.083091922 3.852867603 0.026165441 0.998100698 -0.055773057 4.293905735 0.084649414 0.053379580 0.994979858 15.039397240
0.995908856 -0.030105274 -0.085200809 3.870761871 0.025762578 0.998334527 -0.051618714 4.313210964 0.086612932 0.049212549 0.995025694 15.119014740
0.996561944 -0.027658530 -0.078097418 3.898068905 0.024496306 0.998852074 -0.041162670 4.336965561 0.079146288 0.039108053 0.996095538 15.224042892
0.997539163 -0.024437703 -0.065713666 3.929082394 0.022506963 0.999297619 -0.029962717 4.348205090 0.066399738 0.028409969 0.997388601 15.322939873
0.998013258 -0.023895644 -0.058293980 3.957466841 0.022218438 0.999325097 -0.029251993 4.365436554 0.058953639 0.027898679 0.997870862 15.422517776
0.997865856 -0.023473630 -0.060931750 3.978399038 0.021078445 0.998990834 -0.039658837 4.384379387 0.061801217 0.038289856 0.997353673 15.483739853
0.996917069 -0.026615452 -0.073810801 3.991973877 0.024220292 0.999156594 -0.033157554 4.401672363 0.074631065 0.031267624 0.996720910 15.540351868
0.996104300 -0.030756887 -0.082645804 3.995521069 0.028759446 0.999267280 -0.025251757 4.432299137 0.083361939 0.022776540 0.996259034 15.616511345
0.995332122 -0.034118183 -0.090275593 4.002254009 0.032399114 0.999265969 -0.020440310 4.450861931 0.090906717 0.017420052 0.995706975 15.676764488
0.995250046 -0.035377532 -0.090696439 4.003042221 0.032898679 0.999047041 -0.028682539 4.478878021 0.091624737 0.025562514 0.995465457 15.741559982
